50
10
[0.054502714, 0.0655398, 0.053598404, 0.055438086, 0.17786369, 0.046021421, 0.2253568, 0.095248081, 0.12840374, 0.098027274;
  0.01122741, 0.074843861, 0.039896388, 0.057003036, 0.1933447, 0.026792748, 0.24104403, 0.11024092, 0.14588752, 0.099719383;
  0.042856783, 0.06872993, 0.048560526, 0.056628641, 0.18300837, 0.039678797, 0.22921, 0.10098489, 0.13305973, 0.09728232;
  0.025621502, 0.071048506, 0.042686801, 0.05400854, 0.1903846, 0.029738555, 0.23936452, 0.10532838, 0.14176379, 0.10005482;
  0.037540182, 0.069809601, 0.045998756, 0.056033645, 0.18550543, 0.035313468, 0.23152636, 0.10334579, 0.1362299, 0.098696865;
  0.021891391, 0.073444642, 0.04331572, 0.057923388, 0.18862081, 0.031960536, 0.23494835, 0.10754383, 0.14143594, 0.098915398;
  0.030465968, 0.067459047, 0.038343459, 0.051791824, 0.19487768, 0.026778355, 0.24412988, 0.10617293, 0.14213002, 0.097850837;
  0.031679306, 0.068805419, 0.041029558, 0.056126028, 0.19148085, 0.032708038, 0.2377079, 0.10643489, 0.13871735, 0.095310673;
  0.039441988, 0.065991417, 0.042400684, 0.056436837, 0.1910156, 0.037085459, 0.23606861, 0.10484116, 0.13492416, 0.091794074;
  0.058086678, 0.063081644, 0.053366497, 0.054027393, 0.17976108, 0.046619162, 0.22761358, 0.094332017, 0.12700194, 0.096109994;
  0.078052156, 0.065315001, 0.068646587, 0.058926228, 0.15950929, 0.062097438, 0.20544252, 0.085127711, 0.11613531, 0.10074776;
  0.050650664, 0.066499278, 0.049739975, 0.058278419, 0.18125026, 0.045029696, 0.22568092, 0.099832468, 0.12908907, 0.093949251;
  0.033093169, 0.06787876, 0.042045843, 0.054619525, 0.19086024, 0.033049509, 0.23893476, 0.10430973, 0.13865323, 0.096555226;
  0.038027871, 0.073807575, 0.052368939, 0.060483936, 0.17710683, 0.041831933, 0.22135808, 0.10186021, 0.13341255, 0.099742085;
  0.048437212, 0.067427687, 0.050918166, 0.055378947, 0.18026027, 0.041354682, 0.22711673, 0.098476686, 0.13168307, 0.098946556;
  0.021975176, 0.072544634, 0.042832132, 0.058392856, 0.19027652, 0.033009358, 0.23595467, 0.10795126, 0.14058432, 0.096479058;
  0.042962011, 0.0666188, 0.046750125, 0.055130415, 0.18571988, 0.0383747, 0.23274012, 0.10103483, 0.1339014, 0.096767716;
  0.057430014, 0.073203199, 0.062114265, 0.065638542, 0.16332485, 0.055258565, 0.20483221, 0.09643212, 0.12244803, 0.099318206;
  0.046812769, 0.066453822, 0.051124293, 0.049866375, 0.18128167, 0.038312603, 0.23377189, 0.094571047, 0.13475184, 0.10305368;
  0.0077423723, 0.077296443, 0.040593103, 0.060214546, 0.19171029, 0.02870737, 0.23733532, 0.11193526, 0.14562646, 0.098838836;
  0.012934999, 0.075353719, 0.040790301, 0.058525134, 0.19158153, 0.028631834, 0.23818791, 0.11016322, 0.14462131, 0.099210046;
  0.03107609, 0.068476267, 0.041922729, 0.053917497, 0.19132386, 0.031183224, 0.23950802, 0.10499636, 0.13978781, 0.097808138;
  0.068210669, 0.068639323, 0.063739963, 0.065205924, 0.16391343, 0.06055057, 0.20359071, 0.093540914, 0.11734436, 0.095264144;
  0.071378939, 0.068711787, 0.065211162, 0.065164395, 0.16128813, 0.061799426, 0.20142677, 0.092121795, 0.11629427, 0.096603312;
  0.035951115, 0.070863225, 0.048104845, 0.055244759, 0.1834175, 0.034865811, 0.23135559, 0.10179824, 0.13713278, 0.10126612;
  0.022210006, 0.074871399, 0.045312725, 0.057850547, 0.18573841, 0.032823198, 0.23285353, 0.10601752, 0.14151332, 0.10080933;
  0.028126556, 0.071467683, 0.044216137, 0.055202991, 0.18797071, 0.032131027, 0.23638196, 0.10450864, 0.14033321, 0.099661082;
  0.026904417, 0.074262857, 0.046095882, 0.059981342, 0.18418671, 0.035683908, 0.22912079, 0.10644816, 0.1386369, 0.098679043;
  0.025139024, 0.072099969, 0.041991957, 0.058559939, 0.18997963, 0.033154789, 0.23539846, 0.1077957, 0.13982318, 0.096057341;
  0.014720906, 0.073648825, 0.039091524, 0.055730846, 0.19406591, 0.02598891, 0.2420902, 0.10970023, 0.14571945, 0.099243201;
  0.017706167, 0.075827867, 0.04310957, 0.059303626, 0.18798809, 0.031122116, 0.23383205, 0.10896419, 0.14277686, 0.099369474;
  0.053482097, 0.06624791, 0.052901611, 0.057527494, 0.17903106, 0.046275202, 0.22414842, 0.097510867, 0.12749568, 0.095379658;
  0.072218113, 0.059119511, 0.059134413, 0.05635716, 0.17419162, 0.05698764, 0.22044201, 0.089445591, 0.1189544, 0.09314955;
  0.035972696, 0.070110664, 0.047102515, 0.05570522, 0.18436901, 0.036418341, 0.23274183, 0.10153538, 0.13669696, 0.099347375;
  0.024428774, 0.072635524, 0.043262243, 0.057108901, 0.18865228, 0.032173101, 0.2358094, 0.10642543, 0.14088072, 0.098623641;
  0.063074127, 0.06387905, 0.057272095, 0.056610595, 0.17456262, 0.051281996, 0.21965274, 0.093455367, 0.12382602, 0.096385397;
  0.038243812, 0.069750205, 0.047435127, 0.057711344, 0.1836835, 0.038710643, 0.22943234, 0.10274538, 0.13489714, 0.09739051;
  0.059921384, 0.067350231, 0.056777082, 0.06056986, 0.17159647, 0.052564379, 0.21662623, 0.094826035, 0.12385229, 0.095916033;
  0.042121165, 0.065873414, 0.045178059, 0.055249434, 0.18793024, 0.037781842, 0.23440789, 0.10210278, 0.13413364, 0.095221534;
  0.032100275, 0.067487888, 0.039855979, 0.052960366, 0.19327639, 0.029518018, 0.24165815, 0.10553847, 0.14044225, 0.097162224;
  0.030098425, 0.070059605, 0.043060571, 0.054726195, 0.18969022, 0.031598657, 0.23774524, 0.10484084, 0.13978928, 0.098390974;
  0.028489558, 0.074542306, 0.047870107, 0.059741169, 0.18216246, 0.036924154, 0.22760145, 0.10503475, 0.13791248, 0.099721551;
  0.030408464, 0.071226522, 0.043627135, 0.057838388, 0.18758793, 0.034170378, 0.23331219, 0.10596431, 0.13840353, 0.097461149;
  0.030352378, 0.071900152, 0.045824725, 0.058728907, 0.18558136, 0.036455914, 0.23077735, 0.10538735, 0.13744132, 0.097550549;
  0.055921476, 0.064216077, 0.052168019, 0.057677303, 0.1803008, 0.047704242, 0.22504234, 0.097358167, 0.12639384, 0.093217723;
  0.029351341, 0.073082991, 0.04803725, 0.060779274, 0.18325071, 0.03931497, 0.22812787, 0.10478522, 0.13597231, 0.097298063;
  0.067286693, 0.065111488, 0.059824854, 0.05981975, 0.17103316, 0.055931475, 0.21365841, 0.093278334, 0.12011798, 0.093937851;
  0.036564525, 0.071959235, 0.050079361, 0.061336324, 0.18116859, 0.042097341, 0.22491622, 0.10321406, 0.13236512, 0.096299239;
  0.039068807, 0.072747797, 0.052164707, 0.061459091, 0.17729348, 0.043519568, 0.22120421, 0.10180182, 0.13212846, 0.098612063;
  0.020351494, 0.073068447, 0.041884925, 0.056195036, 0.19057357, 0.029586298, 0.23859438, 0.10734815, 0.14291856, 0.099479131]
